   2.5000000000000001E-002   3.2133861812951636E-002
   7.5000000000000011E-002   9.6401550930423241E-002
  0.12500000000000000       0.16066924004783800     
  0.17499999999999999       0.22493692916523855     
  0.22499999999999998       0.28920461828263910     
  0.27499999999999997       0.35347230740001123     
  0.32499999999999996       0.41773999651746863     
  0.37499999999999994       0.48200768563488339     
  0.42499999999999993       0.54627537475232657     
  0.47499999999999992       0.61054306386972712     
  0.52499999999999991       0.67481075298711346     
  0.57499999999999996       0.73907844210452822     
  0.62500000000000000       0.80334613122197140     
  0.67500000000000004       0.86761382033940038     
  0.72500000000000009       0.93188150945678672     
  0.77500000000000013       0.99614919857418727     
  0.82500000000000018        1.0604168876916731     
  0.87500000000000022        1.1246845768090736     
  0.92500000000000027        1.1889522659264600     
  0.97500000000000031        1.2532199550438889     
   1.0250000000000004        1.3174876441613037     
   1.0750000000000004        1.3817553332787469     
   1.1250000000000004        1.4460230223961759     
   1.1750000000000005        1.5102907115135622     
   1.2250000000000005        1.5745584006309912     
   1.2750000000000006        1.6388260897483633     
   1.3250000000000006        1.7030937788657923     
   1.3750000000000007        1.7673614679832070     
   1.4250000000000007        1.8316291571006360     
   1.4750000000000008        1.8958968462180508     
   1.5250000000000008        1.9601645353354655     
   1.5750000000000008        2.0244322244529229     
   1.6250000000000009        2.0886999135703235     
   1.6750000000000009        2.1529676026877382     
   1.7250000000000010        2.2172352918051246     
   1.7750000000000010        2.2815029809225678     
   1.8250000000000011        2.3457706700399541     
   1.8750000000000011        2.4100383591573973     
   1.9250000000000012        2.4743060482747836     
   1.9750000000000012        2.5385737373922126     
   2.0250000000000012        2.6028414265096416     
   2.0750000000000011        2.6651083876014923     
   2.1250000000000009        2.7255030813306291     
   2.1750000000000007        2.7841422187457425     
   2.2250000000000005        2.8411321356412031     
   2.2750000000000004        2.8965699720452704     
   2.3250000000000002        2.9505446890647420     
   2.3750000000000000        3.0031379492626655     
   2.4249999999999998        3.0544248819606139     
   2.4749999999999996        3.1044747510453590     
   2.5249999999999995        3.1533515398046035     
   2.5749999999999993        3.2011144648542853     
   2.6249999999999991        3.2478184292210983     
   2.6749999999999989        3.2935144230192890     
   2.7249999999999988        3.3382498788225945     
   2.7749999999999986        3.3820689877384496     
   2.8249999999999984        3.4250129812792096     
   2.8749999999999982        3.4671203833737394     
   2.9249999999999980        3.5084272362309150     
   2.9749999999999979        3.5489673032400049     
   3.0249999999999977        3.5887722516492744     
   3.0749999999999975        3.6278718173903570     
   3.1249999999999973        3.6662939540979238     
   3.1749999999999972        3.7040649681052997     
   3.2249999999999970        3.7412096409677815     
   3.2749999999999968        3.7777513408669421     
   3.3249999999999966        3.8137121240829543     
   3.3749999999999964        3.8491128275754676     
   3.4249999999999963        3.8839731535892099     
   3.4749999999999961        3.9183117470913089     
   3.5249999999999959        3.9521462667556051     
   3.5749999999999957        3.9854934501248778     
   3.6249999999999956        4.0183691735133777     
   3.6749999999999954        4.0507885071476721     
   3.7249999999999952        4.0827657659915957     
   3.7749999999999950        4.1143145566514505     
   3.8249999999999948        4.1454478207175072     
   3.8749999999999947        4.1761778748587943     
   3.9249999999999945        4.2065164479575401     
   3.9749999999999943        4.2364747155395577     
   4.0249999999999941        4.2660633317317576     
   4.0749999999999940        4.2952924589547905     
   4.1249999999999938        4.3241717955394421     
   4.1749999999999936        4.3527106014366836     
   4.2249999999999934        4.3809177221756244     
   4.2749999999999932        4.4088016112089861     
   4.3249999999999931        4.4363703507729610     
   4.3749999999999929        4.4636316713774420     
   4.4249999999999927        4.4905929700310168     
   4.4749999999999925        4.5172613272970494     
   4.5249999999999924        4.5436435232676757     
   4.5749999999999922        4.5697460525365869     
   4.6249999999999920        4.5955751382426513     
   4.6749999999999918        4.6211367452519312     
   4.7249999999999917        4.6464365925394020     
   4.7749999999999915        4.6714801648263347     
   4.8249999999999913        4.6962727235256239     
   4.8749999999999911        4.7208193170419577     
   4.9249999999999909        4.7451247904713938     
   4.9749999999999908        4.7691937947400334     
   5.0249999999999906        4.7930307952193942     
   5.0749999999999904        4.8166400798522488     
   5.1249999999999902        4.8400257668221514     
   5.1749999999999901        4.8631918117933708     
   5.2249999999999899        4.8861420147512575     
   5.2749999999999897        4.9088800264662211     
   5.3249999999999895        4.9314093546050657     
   5.3749999999999893        4.9537333695119798     
   5.4249999999999892        4.9758553096779679     
   5.4749999999999890        4.9977782869188019     
   5.5249999999999888        5.0195052912775111     
   5.5749999999999886        5.0410391956683753     
   5.6249999999999885        5.0623827602767477     
   5.6749999999999883        5.0835386367295428     
   5.7249999999999881        5.1045093720481134     
   5.7749999999999879        5.1252974123971029     
   5.8249999999999877        5.1459051066390629     
   5.8749999999999876        5.1663347097069874     
   5.9249999999999874        5.1865883858030202     
   5.9749999999999872        5.2066682114338647     
   6.0249999999999870        5.2265761782903297     
   6.0749999999999869        5.2463142096043924     
   6.1249999999999867        5.2658842408728361     
   6.1749999999999865        5.2852882271806720     
   6.2249999999999863        5.3045281372511255     
   6.2749999999999861        5.3236059482098312     
   6.3249999999999860        5.3425236409781007     
   6.3749999999999858        5.3612831962229990     
   6.4249999999999856        5.3798865908012772     
   6.4749999999999854        5.3983357946397916     
   6.5249999999999853        5.4166327680052859     
   6.5749999999999851        5.4347794591181895     
   6.6249999999999849        5.4527778020746140     
   6.6749999999999847        5.4706297150404097     
   6.7249999999999845        5.4883370986896480     
   6.7749999999999844        5.5059018348592303     
   6.8249999999999842        5.5233257853976383     
   6.8749999999999840        5.5406107911855855     
   6.9249999999999838        5.5577586713108076     
   6.9749999999999837        5.5747712223799724     
   7.0249999999999835        5.5916502179533509     
   7.0749999999999833        5.6083974080880310     
   7.1249999999999831        5.6250145189792065     
   7.1749999999999829        5.6415032526874995     
   7.2249999999999828        5.6578652869439594     
   7.2749999999999826        5.6741022750236780     
   7.3249999999999824        5.6902158456804059     
   7.3749999999999822        5.7062076031353541     
   7.4249999999999821        5.7220791271141636     
   7.4749999999999819        5.7378319729265428     
   7.5249999999999817        5.7534676715829676     
   7.5749999999999815        5.7689877299451240     
   7.6249999999999813        5.7843936309051500     
   7.6749999999999812        5.7996868335901155     
   7.7249999999999810        5.8148687735889908     
   7.7749999999999808        5.8299408631989778     
   7.8249999999999806        5.8449044916886876     
   7.8749999999999805        5.8597610255747909     
   7.9249999999999803        5.8745118089117696     
   7.9749999999999801        5.8891581635915671     
   8.0249999999999808        5.9037013896519923     
   8.0749999999999815        5.9181427655916039     
   8.1249999999999822        5.9324835486910317     
   8.1749999999999829        5.9467249753380429     
   8.2249999999999837        5.9608682613563246     
   8.2749999999999844        5.9749146023362414     
   8.3249999999999851        5.9888651739671488     
   8.3749999999999858        6.0027211323704321     
   8.4249999999999865        6.0164836144321967     
   8.4749999999999872        6.0301537381354322     
   8.5249999999999879        6.0437326028908274     
   8.5749999999999886        6.0572212898657867     
   8.6249999999999893        6.0706208623111024     
   8.6749999999999901        6.0839323658854312     
   8.7249999999999908        6.0971568289763098     
   8.7749999999999915        6.1102952630183083     
   8.8249999999999922        6.1233486628075013     
   8.8749999999999929        6.1363180068122674     
   8.9249999999999936        6.1492042574802639     
   8.9749999999999943        6.1620083615411687     
   9.0249999999999950        6.1747312503053351     
   9.0749999999999957        6.1873738399580205     
   9.1249999999999964        6.1999370318495082     
   9.1749999999999972        6.2124217127802552     
   9.2249999999999979        6.2248287552817061     
   9.2749999999999986        6.2371590178929850     
   9.3249999999999993        6.2494133454320249     
   9.3750000000000000        6.2615925692629020     
   9.4250000000000007        6.2736975075582393     
   9.4750000000000014        6.2857289655568067     
   9.5250000000000021        6.2976877358170213     
   9.5750000000000028        6.3095745984649909     
   9.6250000000000036        6.3213903214391820     
   9.6750000000000043        6.3331356607292335     
   9.7250000000000050        6.3448113606114589     
   9.7750000000000057        6.3564181538792113     
   9.8250000000000064        6.3679567620690705     
   9.8750000000000071        6.3794278956826318     
   9.9250000000000078        6.3908322544040530     
   9.9750000000000085        6.4021705273135652     
   10.025000000000009        6.4134433930963226     
   10.075000000000010        6.4246515202477781     
   10.125000000000011        6.4357955672738711     
   10.175000000000011        6.4468761828869319     
   10.225000000000012        6.4578940061950263     
   10.275000000000013        6.4688496668875217     
   10.325000000000014        6.4797437854145770     
   10.375000000000014        6.4905769731628027     
   10.425000000000015        6.5013498326259622     
   10.475000000000016        6.5120629575715370     
   10.525000000000016        6.5227169332032915     
   10.575000000000017        6.5333123363196819     
   10.625000000000018        6.5438497354687257     
   10.675000000000018        6.5543296910987934     
   10.725000000000019        6.5647527557065075     
   10.775000000000020        6.5751194739804433     
   10.825000000000021        6.5854303829421994     
   10.875000000000021        6.5956860120839877     
   10.925000000000022        6.6058868835031461     
   10.975000000000023        6.6160335120334750     
   11.025000000000023        6.6261264053744569     
   11.075000000000024        6.6361660642164821     
   11.125000000000025        6.6461529823640646     
   11.175000000000026        6.6560876468568040     
   11.225000000000026        6.6659705380865617     
   11.275000000000027        6.6758021299133858     
   11.325000000000028        6.6855828897781677     
   11.375000000000028        6.6953132788131668     
   11.425000000000029        6.7049937519505036     
   11.475000000000030        6.7146247580281084     
   11.525000000000031        6.7242067398934040     
   11.575000000000031        6.7337401345049983     
   11.625000000000032        6.7432253730325584     
   11.675000000000033        6.7526628809542046     
   11.725000000000033        6.7620530781520216     
   11.775000000000034        6.7713963790059992     
   11.825000000000035        6.7806931924855789     
   11.875000000000036        6.7899439222398215     
   11.925000000000036        6.7991489666853937     
   11.975000000000037        6.8083087190931622     
   12.025000000000038        6.8174235676728117     
   12.075000000000038        6.8264938956558652     
   12.125000000000039        6.8355200813772186     
   12.175000000000040        6.8445024983546432     
   12.225000000000041        6.8534415153675496     
   12.275000000000041        6.8623374965332999     
   12.325000000000042        6.8711908013827880     
   12.375000000000043        6.8800017849337607     
   12.425000000000043        6.8887707977638755     
   12.475000000000044        6.8974981860811440     
   12.525000000000045        6.9061842917937710     
   12.575000000000045        6.9148294525785232     
   12.625000000000046        6.9234340019476051     
   12.675000000000047        6.9319982693144624     
   12.725000000000048        6.9405225800585058     
   12.775000000000048        6.9490072555878797     
   12.825000000000049        6.9574526134020829     
   12.875000000000050        6.9658589671525206     
   12.925000000000050        6.9742266267025528     
   12.975000000000051        6.9825558981862486     
   13.025000000000052        6.9908470840653933     
   13.075000000000053        6.9991004831869148     
   13.125000000000053        7.0073163908375591     
   13.175000000000054        7.0154950987988300     
   13.225000000000055        7.0236368954002799     
   13.275000000000055        7.0317420655720468     
   13.325000000000056        7.0398108908963053     
   13.375000000000057        7.0478436496579278     
   13.425000000000058        7.0558406168941232     
   13.475000000000058        7.0638020644432657     
   13.525000000000059        7.0717282609924865     
   13.575000000000060        7.0796194721253158     
   13.625000000000060        7.0874759603671222     
   13.675000000000061        7.0952979852311486     
   13.725000000000062        7.1030858032624806     
   13.775000000000063        7.1108396680821286     
   13.825000000000063        7.1185598304299944     
   13.875000000000064        7.1262465382069280     
   13.925000000000065        7.1339000365162235     
   13.975000000000065        7.1415205677045535     
   14.025000000000066        7.1491083714016597     
   14.075000000000067        7.1566636845599518     
   14.125000000000068        7.1641867414928981     
   14.175000000000068        7.1716777739133164     
   14.225000000000069        7.1791370109702584     
   14.275000000000070        7.1865646792858087     
   14.325000000000070        7.1939610029913439     
   14.375000000000071        7.2013262037624699     
   14.425000000000072        7.2086605008542577     
   14.475000000000072        7.2159641111350652     
   14.525000000000073        7.2232372491203876     
   14.575000000000074        7.2304801270056061     
   14.625000000000075        7.2376929546988364     
   14.675000000000075        7.2448759398524487     
   14.725000000000076        7.2520292878947643     
   14.775000000000077        7.2591532020605811     
   14.825000000000077        7.2662478834217055     
   14.875000000000078        7.2733135309168517     
   14.925000000000079        7.2803503413805473     
   14.975000000000080        7.2873585095724991     
   15.025000000000080        7.2943382282054472     
   15.075000000000081        7.3012896879734441     
   15.125000000000082        7.3082130775789267     
   15.175000000000082        7.3151085837598444     
   15.225000000000083        7.3219763913161202     
   15.275000000000084        7.3288166831357273     
   15.325000000000085        7.3356296402205459     
   15.375000000000085        7.3424154417112106     
   15.425000000000086        7.3491742649121647     
   15.475000000000087        7.3559062853160881     
   15.525000000000087        7.3626116766277647     
   15.575000000000088        7.3692906107879210     
   15.625000000000089        7.3759432579963473     
   15.675000000000090        7.3825697867347060     
   15.725000000000090        7.3891703637892547     
   15.775000000000091        7.3957451542727313     
   15.825000000000092        7.4022943216464867     
   15.875000000000092        7.4088180277414395     
   15.925000000000093        7.4153164327798464     
   15.975000000000094        7.4217896953952760     
   16.025000000000095        7.4282379726539958     
   16.075000000000095        7.4346614200741570     
   16.125000000000096        7.4410601916463364     
   16.175000000000097        7.4474344398525076     
   16.225000000000097        7.4537843156856098     
   16.275000000000098        7.4601099686683909     
   16.325000000000099        7.4664115468716687     
   16.375000000000099        7.4726891969331035     
   16.425000000000100        7.4789430640749828     
   16.475000000000101        7.4851732921220062     
   16.525000000000102        7.4913800235188290     
   16.575000000000102        7.4975633993470865     
   16.625000000000103        7.5037235593427027     
   16.675000000000104        7.5098606419121907     
   16.725000000000104        7.5159747841494422     
   16.775000000000105        7.5220661218515374     
   16.825000000000106        7.5281347895350663     
   16.875000000000107        7.5341809204516110     
   16.925000000000107        7.5402046466032431     
   16.975000000000108        7.5462060987578994     
   17.025000000000109        7.5521854064641118     
   17.075000000000109        7.5581426980661348     
   17.125000000000110        7.5640781007181985     
   17.175000000000111        7.5699917403990611     
   17.225000000000112        7.5758837419260701     
   17.275000000000112        7.5817542289691886     
   17.325000000000113        7.5876033240644247     
   17.375000000000114        7.5934311486277224     
   17.425000000000114        7.5992378229680639     
   17.475000000000115        7.6050234663007501     
   17.525000000000116        7.6107881967600193     
   17.575000000000117        7.6165321314122636     
   17.625000000000117        7.6222553862681792     
   17.675000000000118        7.6279580762954780     
   17.725000000000119        7.6336403154307746     
   17.775000000000119        7.6393022165918225     
   17.825000000000120        7.6449438916895431     
   17.875000000000121        7.6505654516389825     
   17.925000000000122        7.6561670063718239     
   17.975000000000122        7.6617486648470958     
   18.025000000000123        7.6673105350625335     
   18.075000000000124        7.6728527240655140     
   18.125000000000124        7.6783753379640913     
   18.175000000000125        7.6838784819377821     
   18.225000000000126        7.6893622602478189     
   18.275000000000126        7.6948267762479929     
   18.325000000000127        7.7002721323945735     
   18.375000000000128        7.7056984302565752     
   18.425000000000129        7.7111057705259682     
   18.475000000000129        7.7164942530271077     
   18.525000000000130        7.7218639767268868     
   18.575000000000131        7.7272150397439461     
   18.625000000000131        7.7325475393584568     
   18.675000000000132        7.7378615720212593     
   18.725000000000133        7.7431572333631919     
   18.775000000000134        7.7484346182038166     
   18.825000000000134        7.7536938205607271     
   18.875000000000135        7.7589349336586011     
   18.925000000000136        7.7641580499371088     
   18.975000000000136        7.7693632610601355     
   19.025000000000137        7.7745506579243369     
   19.075000000000138        7.7797203306666631     
   19.125000000000139        7.7848723686738950     
   19.175000000000139        7.7900068605895143     
   19.225000000000140        7.7951238943225647     
   19.275000000000141        7.8002235570552614     
   19.325000000000141        7.8053059352507930     
   19.375000000000142        7.8103711146610948     
   19.425000000000143        7.8154191803343736     
   19.475000000000144        7.8204502166228380     
   19.525000000000144        7.8254643071898329     
   19.575000000000145        7.8304615350173208     
   19.625000000000146        7.8354419824130019     
   19.675000000000146        7.8404057310173059     
   19.725000000000147        7.8453528618110369     
   19.775000000000148        7.8502834551214846     
   19.825000000000149        7.8551975906297713     
   19.875000000000149        7.8600953473774737     
   19.925000000000150        7.8649768037733665     
   19.975000000000151        7.8698420375998097     
   20.025000000000151        7.8746911260195418     
   20.075000000000152        7.8795241455817475     
   20.125000000000153        7.8843411722288579     
   20.175000000000153        7.8891422813021990     
   20.225000000000154        7.8939275475486141     
   20.275000000000155        7.8986970451267027     
   20.325000000000156        7.9034508476122411     
   20.375000000000156        7.9081890280044860     
   20.425000000000157        7.9129116587319501     
   20.475000000000158        7.9176188116586559     
   20.525000000000158        7.9223105580889950     
   20.575000000000159        7.9269869687739245     
   20.625000000000160        7.9316481139166939     
   20.675000000000161        7.9362940631778045     
   20.725000000000161        7.9409248856809427     
   20.775000000000162        7.9455406500179819     
   20.825000000000163        7.9501414242546602     
   20.875000000000163        7.9547272759354968     
   20.925000000000164        7.9592982720891499     
   20.975000000000165        7.9638544792334045     
   21.025000000000166        7.9683959633802814     
   21.075000000000166        7.9729227900410393     
   21.125000000000167        7.9774350242311485     
   21.175000000000168        7.9819327304750729     
   21.225000000000168        7.9864159728109314     
   21.275000000000169        7.9908848147956064     
   21.325000000000170        7.9953393195091351     
   21.375000000000171        7.9997795495594914     
   21.425000000000171        8.0042055670869985     
   21.475000000000172        8.0086174337690537     
   21.525000000000173        8.0130152108245980     
   21.575000000000173        8.0173989590181520     
   21.625000000000174        8.0217687386647398     
   21.675000000000175        8.0261246096337473     
   21.725000000000176        8.0304666313534270     
   21.775000000000176        8.0347948628150192     
   21.825000000000177        8.0391093625769372     
   21.875000000000178        8.0434101887688101     
   21.925000000000178        8.0476973990956040     
   21.975000000000179        8.0519710508416225     
   22.025000000000180        8.0562312008744641     
   22.075000000000180        8.0604779056488880     
   22.125000000000181        8.0647112212109562     
   22.175000000000182        8.0689312032013376     
   22.225000000000183        8.0731379068596709     
   22.275000000000183        8.0773313870277761     
   22.325000000000184        8.0815116981538750     
   22.375000000000185        8.0856788942957465     
   22.425000000000185        8.0898330291246694     
   22.475000000000186        8.0939741559288265     
   22.525000000000187        8.0981023276170276     
   22.575000000000188        8.1022175967218431     
   22.625000000000188        8.1063200154035613     
   22.675000000000189        8.1104096354530739     
   22.725000000000190        8.1144865082953999     
   22.775000000000190        8.1185506849932949     
   22.825000000000191        8.1226022162503639     
   22.875000000000192        8.1266411524141020     
   22.925000000000193        8.1306675434793618     
   22.975000000000193        8.1346814390915867     
   23.025000000000194        8.1386828885498161     
   23.075000000000195        8.1426719408096417     
   23.125000000000195        8.1466486444867456     
   23.175000000000196        8.1506130478594301     
   23.225000000000197        8.1545651988720991     
   23.275000000000198        8.1585051451378661     
   23.325000000000198        8.1624329339414459     
   23.375000000000199        8.1663486122426576     
   23.425000000000200        8.1702522266785920     
   23.475000000000200        8.1741438235667019     
   23.525000000000201        8.1780234489080073     
   23.575000000000202        8.1818911483891981     
   23.625000000000203        8.1857469673859029     
   23.675000000000203        8.1895909509651048     
   23.725000000000204        8.1934231438881469     
   23.775000000000205        8.1972435906130059     
   23.825000000000205        8.2010523352972768     
   23.875000000000206        8.2048494218005885     
   23.925000000000207        8.2086348936871758     
   23.975000000000207        8.2124087942286224     
   24.025000000000208        8.2161711664061201     
   24.075000000000209        8.2199220529129917     
   24.125000000000210        8.2236614961575398     
   24.175000000000210        8.2273895382648661     
   24.225000000000211        8.2311062210798269     
   24.275000000000212        8.2348115861691582     
   24.325000000000212        8.2385056748239052     
   24.375000000000213        8.2421885280616678     
   24.425000000000214        8.2458601866291019     
   24.475000000000215        8.2495206910041361     
   24.525000000000215        8.2531700813979540     
   24.575000000000216        8.2568083977578155     
   24.625000000000217        8.2604356797686691     
   24.675000000000217        8.2640519668558099     
   24.725000000000218        8.2676572981867835     
   24.775000000000219        8.2712517126735889     
   24.825000000000220        8.2748352489747958     
   24.875000000000220        8.2784079454978325     
   24.925000000000221        8.2819698404008051     
   24.975000000000222        8.2855209715946501     
   25.025000000000222        8.2890613767450816     
   25.075000000000223        8.2925910932750568     
   25.125000000000224        8.2961101583661758     
   25.175000000000225        8.2996186089609694     
   25.225000000000225        8.3031164817646896     
   25.275000000000226        8.3066038132475200     
   25.325000000000227        8.3100806396462730     
   25.375000000000227        8.3135469969663944     
   25.425000000000228        8.3170029209837395     
   25.475000000000229        8.3204484472462852     
   25.525000000000230        8.3238836110765106     
   25.575000000000230        8.3273084475726407     
   25.625000000000231        8.3307229916107630     
   25.675000000000232        8.3341272778464486     
   25.725000000000232        8.3375213407167053     
   25.775000000000233        8.3409052144414275     
   25.825000000000234        8.3442789330255422     
   25.875000000000234        8.3476425302602237     
   25.925000000000235        8.3509960397252385     
   25.975000000000236        8.3543394947897980     
   26.025000000000237        8.3576729286149600     
   26.075000000000237        8.3609963741548725     
   26.125000000000238        8.3643098641585567     
   26.175000000000239        8.3676134311713355     
   26.225000000000239        8.3709071075367874     
   26.275000000000240        8.3741909253978193     
   26.325000000000241        8.3774649166989335     
   26.375000000000242        8.3807291131869022     
   26.425000000000242        8.3839835464130061     
   26.475000000000243        8.3872282477342850     
   26.525000000000244        8.3904632483150365     
   26.575000000000244        8.3936885791283089     
   26.625000000000245        8.3969042709575206     
   26.675000000000246        8.4001103543977180     
   26.725000000000247        8.4033068598570040     
   26.775000000000247        8.4064938175582142     
   26.825000000000248        8.4096712575402108     
   26.875000000000249        8.4128392096592464     
   26.925000000000249        8.4159977035903566     
   26.975000000000250        8.4191467688286110     
   27.025000000000251        8.4222864346908821     
   27.075000000000252        8.4254167303169609     
   27.125000000000252        8.4285376846705518     
   27.175000000000253        8.4316493265412760     
   27.225000000000254        8.4347516845453541     
   27.275000000000254        8.4378447871275171     
   27.325000000000255        8.4409286625617455     
   27.375000000000256        8.4440033389526690     
   27.425000000000257        8.4470688442370729     
   27.475000000000257        8.4501252061849570     
   27.525000000000258        8.4531724524008922     
   27.575000000000259        8.4562106103252077     
   27.625000000000259        8.4592397072349570     
   27.675000000000260        8.4622597702455309     
   27.725000000000261        8.4652708263116736     
   27.775000000000261        8.4682729022285272     
   27.825000000000262        8.4712660246330387     
   27.875000000000263        8.4742502200049685     
   27.925000000000264        8.4772255146682127     
   27.975000000000264        8.4801919347915131     
   28.025000000000265        8.4831495063901343     
   28.075000000000266        8.4860982553268158     
   28.125000000000266        8.4890382073125394     
   28.175000000000267        8.4919693879080427     
   28.225000000000268        8.4948918225246928     
   28.275000000000269        8.4978055364257514     
   28.325000000000269        8.5007105547271848     
   28.375000000000270        8.5036069023987579     
   28.425000000000271        8.5064946042654910     
   28.475000000000271        8.5093736850080504     
   28.525000000000272        8.5122441691643402     
   28.575000000000273        8.5151060811301846     
   28.625000000000274        8.5179594451604359     
   28.675000000000274        8.5208042853700050     
   28.725000000000275        8.5236406257348420     
   28.775000000000276        8.5264684900928316     
   28.825000000000276        8.5292879021450503     
   28.875000000000277        8.5320988854562358     
   28.925000000000278        8.5349014634562721     
   28.975000000000279        8.5376956594408355     
   29.025000000000279        8.5404814965723475     
   29.075000000000280        8.5432589978809403     
   29.125000000000281        8.5460281862655592     
   29.175000000000281        8.5487890844944943     
   29.225000000000282        8.5515417152066036     
   29.275000000000283        8.5542861009121296     
   29.325000000000284        8.5570222639934457     
   29.375000000000284        8.5597502267063703     
   29.425000000000285        8.5624700111805367     
   29.475000000000286        8.5651816394202385     
   29.525000000000286        8.5678851333059143     
   29.575000000000287        8.5705805145943827     
   29.625000000000288        8.5732678049199080     
   29.675000000000288        8.5759470257950099     
   29.725000000000289        8.5786181986113448     
   29.775000000000290        8.5812813446406082     
   29.825000000000291        8.5839364850349327     
   29.875000000000291        8.5865836408283869     
   29.925000000000292        8.5892228329371036     
   29.975000000000293        8.5918540821602960     
   30.025000000000293        8.5944774091812945     
   30.075000000000294        8.5970928345681301     
   30.125000000000295        8.5997003787741662     
   30.175000000000296        8.6023000621392853     
   30.225000000000296        8.6048919048899961     
   30.275000000000297        8.6074759271407544     
   30.325000000000298        8.6100521488945319     
   30.375000000000298        8.6126205900436190     
   30.425000000000299        8.6151812703702575     
   30.475000000000300        8.6177342095471587     
   30.525000000000301        8.6202794271385557     
   30.575000000000301        8.6228169426011547     
   30.625000000000302        8.6253467752841715     
   30.675000000000303        8.6278689444303609     
   30.725000000000303        8.6303834691769055     
   30.775000000000304        8.6328903685557492     
   30.825000000000305        8.6353896614946635     
   30.875000000000306        8.6378813668176164     
   30.925000000000306        8.6403655032454907     
   30.975000000000307        8.6428420893969431     
   31.025000000000308        8.6453111437888381     
   31.075000000000308        8.6477726848370580     
   31.125000000000309        8.6502267308570424     
   31.175000000000310        8.6526733000647411     
   31.225000000000311        8.6551124105764572     
   31.275000000000311        8.6575440804105597     
   31.325000000000312        8.6599683274874693     
   31.375000000000313        8.6623851696302907     
   31.425000000000313        8.6647946245654595     
   31.475000000000314        8.6671967099237364     
   31.525000000000315        8.6695914432401651     
   31.575000000000315        8.6719788419552088     
   31.625000000000316        8.6743589234151273     
   31.675000000000317        8.6767317048727008     
   31.725000000000318        8.6790972034875509     
   31.775000000000318        8.6814554363271270     
   31.825000000000319        8.6838064203667358     
   31.875000000000320        8.6861501724908337     
   31.925000000000320        8.6884867094928140     
   31.975000000000321        8.6908160480762575     
   32.025000000000318        8.6931382048550674     
   32.075000000000315        8.6954531963541015     
   32.125000000000313        8.6977610390098690     
   32.175000000000310        8.7000617491708425     
   32.225000000000307        8.7023553430984109     
   32.275000000000304        8.7046418369668856     
   32.325000000000301        8.7069212468643542     
   32.375000000000298        8.7091935887931911     
   32.425000000000296        8.7114588786705269     
   32.475000000000293        8.7137171323286680     
   32.525000000000290        8.7159683655160478     
   32.575000000000287        8.7182125938970714     
   32.625000000000284        8.7204498330530313     
   32.675000000000281        8.7226800984827904     
   32.725000000000279        8.7249034056027241     
   32.775000000000276        8.7271197697478797     
   32.825000000000273        8.7293292061715420     
   32.875000000000270        8.7315317300471520     
   32.925000000000267        8.7337273564670426     
   32.975000000000264        8.7359161004446904     
   33.025000000000261        8.7380979769133518     
   33.075000000000259        8.7402730007282088     
   33.125000000000256        8.7424411866659710     
   33.175000000000253        8.7446025494256503     
   33.225000000000250        8.7467571036284042     
   33.275000000000247        8.7489048638188152     
   33.325000000000244        8.7510458444650183     
   33.375000000000242        8.7531800599587726     
   33.425000000000239        8.7553075246166543     
   33.475000000000236        8.7574282526799649     
   33.525000000000233        8.7595422583153066     
   33.575000000000230        8.7616495556149872     
   33.625000000000227        8.7637501585973325     
   33.675000000000225        8.7658440812075469     
   33.725000000000222        8.7679313373178829     
   33.775000000000219        8.7700119407278052     
   33.825000000000216        8.7720859051648219     
   33.875000000000213        8.7741532442844985     
   33.925000000000210        8.7762139716715382     
   33.975000000000207        8.7782681008392700     
   34.025000000000205        8.7803156452308500     
   34.075000000000202        8.7823566182191897     
   34.125000000000199        8.7843910331075392     
   34.175000000000196        8.7864189031301265     
   34.225000000000193        8.7884402414518092     
   34.275000000000190        8.7904550611695456     
   34.325000000000188        8.7924633753113213     
   34.375000000000185        8.7944651968383454     
   34.425000000000182        8.7964605386439132     
   34.475000000000179        8.7984494135544296     
   34.525000000000176        8.8004318343298635     
   34.575000000000173        8.8024078136638551     
   34.625000000000171        8.8043773641842478     
   34.675000000000168        8.8063404984532738     
   34.725000000000165        8.8082972289682715     
   34.775000000000162        8.8102475681616710     
   34.825000000000159        8.8121915284015273     
   34.875000000000156        8.8141291219918045     
   34.925000000000153        8.8160603611728021     
   34.975000000000151        8.8179852581217872     
   35.025000000000148        8.8199038249528101     
   35.075000000000145        8.8218160737169029     
   35.125000000000142        8.8237220164034724     
   35.175000000000139        8.8256216649394972     
   35.225000000000136        8.8275150311906003     
   35.275000000000134        8.8294021269608933     
   35.325000000000131        8.8312829639938997     
   35.375000000000128        8.8331575539720717     
   35.425000000000125        8.8350259085177356     
   35.475000000000122        8.8368880391935107     
   35.525000000000119        8.8387439575020323     
   35.575000000000117        8.8405936748867404     
   35.625000000000114        8.8424372027320359     
   35.675000000000111        8.8442745523637569     
   35.725000000000108        8.8461057350492425     
   35.775000000000105        8.8479307619976595     
   35.825000000000102        8.8497496443606352     
   35.875000000000099        8.8515623932322072     
   35.925000000000097        8.8533690196492216     
   35.975000000000094        8.8551695345920081     
   36.025000000000091        8.8569639489839247     
   36.075000000000088        8.8587522736921613     
   36.125000000000085        8.8605345195282368     
   36.175000000000082        8.8623106972476933     
   36.225000000000080        8.8640808175506365     
   36.275000000000077        8.8658448910825882     
   36.325000000000074        8.8676029284337545     
   36.375000000000071        8.8693549401400844     
   36.425000000000068        8.8711009366831988     
   36.475000000000065        8.8728409284908096     
   36.525000000000063        8.8745749259369120     
   36.575000000000060        8.8763029393420325     
   36.625000000000057        8.8780249789738264     
   36.675000000000054        8.8797410550467717     
   36.725000000000051        8.8814511777229441     
   36.775000000000048        8.8831553571121447     
   36.825000000000045        8.8848536032720702     
   36.875000000000043        8.8865459262084698     
   36.925000000000040        8.8882323358756850     
   36.975000000000037        8.8899128421770683     
   37.025000000000034        8.8915874549645295     
   37.075000000000031        8.8932561840392950     
   37.125000000000028        8.8949190391523416     
   37.175000000000026        8.8965760300042120     
   37.225000000000023        8.8982271662454764     
   37.275000000000020        8.8998724574768957     
   37.325000000000017        8.9015119132500118     
   37.375000000000014        8.9031455430667990     
   37.425000000000011        8.9047733563802964     
   37.475000000000009        8.9063953625947008     
   37.525000000000006        8.9080115710659840     
   37.575000000000003        8.9096219911015098     
   37.625000000000000        8.9112266319607514     
   37.674999999999997        8.9128255028552275     
   37.724999999999994        8.9144186129489995     
   37.774999999999991        8.9160059713586861     
   37.824999999999989        8.9175875871537116     
   37.874999999999986        8.9191634693567536     
   37.924999999999983        8.9207336269437718     
   37.974999999999980        8.9222980688441709     
   38.024999999999977        8.9238568039414758     
   38.074999999999974        8.9254098410724509     
   38.124999999999972        8.9269571890289114     
   38.174999999999969        8.9284988565565655     
   38.224999999999966        8.9300348523561297     
   38.274999999999963        8.9315651850828175     
   38.324999999999960        8.9330898633472344     
   38.374999999999957        8.9346088957149590     
   38.424999999999955        8.9361222907073170     
   38.474999999999952        8.9376300568012539     
   38.524999999999949        8.9391322024297253     
   38.574999999999946        8.9406287359815977     
   38.624999999999943        8.9421196658024229     
   38.674999999999940        8.9436050001936991     
   38.724999999999937        8.9450847474140360     
   38.774999999999935        8.9465589156791765     
   38.824999999999932        8.9480275131615485     
   38.874999999999929        8.9494905479909264     
   38.924999999999926        8.9509480282550768     
   38.974999999999923        8.9523999619989567     
   39.024999999999920        8.9538463572256433     
   39.074999999999918        8.9552872218964907     
   39.124999999999915        8.9567225639306045     
   39.174999999999912        8.9581523912062337     
   39.224999999999909        8.9595767115596487     
   39.274999999999906        8.9609955327866189     
   39.324999999999903        8.9624088626413112     
   39.374999999999901        8.9638167088376690     
   39.424999999999898        8.9652190790484738     
   39.474999999999895        8.9666159809065391     
   39.524999999999892        8.9680074220043480     
   39.574999999999889        8.9693934098941526     
   39.624999999999886        8.9707739520883436     
   39.674999999999883        8.9721490560598056     
   39.724999999999881        8.9735187292418175     
   39.774999999999878        8.9748829790279174     
   39.824999999999875        8.9762418127732033     
   39.874999999999872        8.9775952377928689     
   39.924999999999869        8.9789432613639448     
   39.974999999999866        8.9802858907245238     
   40.024999999999864        8.9816231330741445     
   40.074999999999861        8.9829549955739267     
   40.124999999999858        8.9842814853471467     
   40.174999999999855        8.9856026094787822     
   40.224999999999852        8.9869183750158328     
   40.274999999999849        8.9882287889678949     
   40.324999999999847        8.9895338583068565     
   40.374999999999844        8.9908335899673091     
   40.424999999999841        8.9921279908464484     
   40.474999999999838        8.9934170678046286     
   40.524999999999835        8.9947008276651630     
   40.574999999999832        8.9959792772147367     
   40.624999999999829        8.9972524232032356     
   40.674999999999827        8.9985202723441944     
   40.724999999999824        8.9997828313148673     
   40.774999999999821        9.0010401067562356     
   40.824999999999818        9.0022921052736891     
   40.874999999999815        9.0035388334361883     
   40.924999999999812        9.0047802977773372     
   40.974999999999810        9.0060165047950420     
   41.024999999999807        9.0072474609520867     
   41.074999999999804        9.0084731726754370     
   41.124999999999801        9.0096936463574124     
   41.174999999999798        9.0109088883551465     
   41.224999999999795        9.0121189049909205     
   41.274999999999793        9.0133237025523911     
   41.324999999999790        9.0145232872927821     
   41.374999999999787        9.0157176654302447     
   41.424999999999784        9.0169068431495347     
   41.474999999999781        9.0180908266004849     
   41.524999999999778        9.0192696218995252     
   41.574999999999775        9.0204432351286812     
   41.624999999999773        9.0216116723366468     
   41.674999999999770        9.0227749395379675     
   41.724999999999767        9.0239330427143116     
   41.774999999999764        9.0250859878134619     
   41.824999999999761        9.0262337807503457     
   41.874999999999758        9.0273764274066366     
   41.924999999999756        9.0285139336308760     
   41.974999999999753        9.0296463052389768     
   42.024999999999750        9.0307735480141034     
   42.074999999999747        9.0318956677065643     
   42.124999999999744        9.0330126700345375     
   42.174999999999741        9.0341245606836864     
   42.224999999999739        9.0352313453072810     
   42.274999999999736        9.0363330295267730     
   42.324999999999733        9.0374296189313839     
   42.374999999999730        9.0385211190786166     
   42.424999999999727        9.0396075354940990     
   42.474999999999724        9.0406888736719040     
   42.524999999999721        9.0417651390745419     
   42.574999999999719        9.0428363371330960     
   42.624999999999716        9.0439024732473854     
   42.674999999999713        9.0449635527862497     
   42.724999999999710        9.0460195810868314     
   42.774999999999707        9.0470705634561099     
   42.824999999999704        9.0481165051697587     
   42.874999999999702        9.0491574114727626     
   42.924999999999699        9.0501932875796030     
   42.974999999999696        9.0512241386741863     
   43.024999999999693        9.0522499699100436     
   43.074999999999690        9.0532707864104438     
   43.124999999999687        9.0542865932683370     
   43.174999999999685        9.0552973955467380     
   43.224999999999682        9.0563031982785489     
   43.274999999999679        9.0573040064668930     
   43.324999999999676        9.0582998250851645     
   43.374999999999673        9.0592906590769715     
   43.424999999999670        9.0602765133564134     
   43.474999999999667        9.0612573928081588     
   43.524999999999665        9.0622333022874457     
   43.574999999999662        9.0632042466203870     
   43.624999999999659        9.0641702306037359     
   43.674999999999656        9.0651312590053408     
   43.724999999999653        9.0660873365639958     
   43.774999999999650        9.0670384679896330     
   43.824999999999648        9.0679846579636703     
   43.874999999999645        9.0689259111383578     
   43.924999999999642        9.0698622321375950     
   43.974999999999639        9.0707936255571795     
   44.024999999999636        9.0717200959637267     
   44.074999999999633        9.0726416478963046     
   44.124999999999631        9.0735582858652322     
   44.174999999999628        9.0744700143531531     
   44.224999999999625        9.0753768378143107     
   44.274999999999622        9.0762787606751161     
   44.324999999999619        9.0771757873343120     
   44.374999999999616        9.0780679221627949     
   44.424999999999613        9.0789551695034376     
   44.474999999999611        9.0798375336721193     
   44.524999999999608        9.0807150189569796     
   44.574999999999605        9.0815876296185181     
   44.624999999999602        9.0824553698901269     
   44.674999999999599        9.0833182439779847     
   44.724999999999596        9.0841762560610917     
   44.774999999999594        9.0850294102912414     
   44.824999999999591        9.0858777107932625     
   44.874999999999588        9.0867211616654728     
   44.924999999999585        9.0875597669788419     
   44.974999999999582        9.0883935307776369     
   45.024999999999579        9.0892224570799840     
   45.074999999999577        9.0900465498765968     
   45.124999999999574        9.0908658131325240     
   45.174999999999571        9.0916802507858208     
   45.224999999999568        9.0924898667483021     
   45.274999999999565        9.0932946649056419     
   45.324999999999562        9.0940946491173804     
   45.374999999999559        9.0948898232167465     
   45.424999999999557        9.0956801910107643     
   45.474999999999554        9.0964657562810416     
   45.524999999999551        9.0972465227827328     
   45.574999999999548        9.0980224942452992     
   45.624999999999545        9.0987936743727857     
   45.674999999999542        9.0995600668431251     
   45.724999999999540        9.1003216753090754     
   45.774999999999537        9.1010785033973605     
   45.824999999999534        9.1018305547095366     
   45.874999999999531        9.1025778328217442     
   45.924999999999528        9.1033203412849133     
   45.974999999999525        9.1040580836242881     
   46.024999999999523        9.1047910633404854     
   46.074999999999520        9.1055192839088335     
   46.124999999999517        9.1062427487790245     
   46.174999999999514        9.1069614613766632     
   46.224999999999511        9.1076754251019167     
   46.274999999999508        9.1083846433302256     
   46.324999999999505        9.1090891194121397     
   46.374999999999503        9.1097888566737311     
   46.424999999999500        9.1104838584159538     
   46.474999999999497        9.1111741279156959     
   46.524999999999494        9.1118596684250619     
   46.574999999999491        9.1125404831714647     
   46.624999999999488        9.1132165753584076     
   46.674999999999486        9.1138879481645390     
   46.724999999999483        9.1145546047447041     
   46.774999999999480        9.1152165482291636     
   46.824999999999477        9.1158737817237991     
   46.874999999999474        9.1165263083113004     
   46.924999999999471        9.1171741310491754     
   46.974999999999469        9.1178172529718324     
   47.024999999999466        9.1184556770890453     
   47.074999999999463        9.1190894063873671     
   47.124999999999460        9.1197184438290790     
   47.174999999999457        9.1203427923527656     
   47.224999999999454        9.1209624548735277     
   47.274999999999451        9.1215774342823579     
   47.324999999999449        9.1221877334473191     
   47.374999999999446        9.1227933552123375     
   47.424999999999443        9.1233943023980331     
   47.474999999999440        9.1239905778017771     
   47.524999999999437        9.1245821841973438     
   47.574999999999434        9.1251691243352226     
   47.624999999999432        9.1257514009426117     
   47.674999999999429        9.1263290167234246     
   47.724999999999426        9.1269019743584821     
   47.774999999999423        9.1274702765057185     
   47.824999999999420        9.1280339257994640     
   47.874999999999417        9.1285929248513185     
   47.924999999999415        9.1291472762499879     
   47.974999999999412        9.1296969825610290     
   48.024999999999409        9.1302420463274316     
   48.074999999999406        9.1307824700686666     
   48.124999999999403        9.1313182562823272     
   48.174999999999400        9.1318494074425729     
   48.224999999999397        9.1323759260014370     
   48.274999999999395        9.1328978143874906     
   48.324999999999392        9.1334150750074556     
   48.374999999999389        9.1339277102452314     
   48.424999999999386        9.1344357224622357     
   48.474999999999383        9.1349391139971985     
   48.524999999999380        9.1354378871665816     
   48.574999999999378        9.1359320442646279     
   48.624999999999375        9.1364215875629213     
   48.674999999999372        9.1369065193110757     
   48.724999999999369        9.1373868417360669     
   48.774999999999366        9.1378625570428724     
   48.824999999999363        9.1383336674144857     
   48.874999999999361        9.1388001750111414     
   48.924999999999358        9.1392620819715091     
   48.974999999999355        9.1397193904125160     
   49.024999999999352        9.1401721024278260     
   49.074999999999349        9.1406202200906321     
   49.124999999999346        9.1410637454509356     
   49.174999999999343        9.1415026805376129     
   49.224999999999341        9.1419370273574216     
   49.274999999999338        9.1423667878950496     
   49.324999999999335        9.1427919641138757     
   49.374999999999332        9.1432125579552022     
   49.424999999999329        9.1436285713384464     
   49.474999999999326        9.1440400061619371     
   49.524999999999324        9.1444468643015853     
   49.574999999999321        9.1448491476121205     
   49.624999999999318        9.1452468579269421     
   49.674999999999315        9.1456399970574225     
   49.724999999999312        9.1460285667932837     
   49.774999999999309        9.1464125689033509     
   49.824999999999307        9.1467920051346567     
   49.874999999999304        9.1471668772126620     
   49.924999999999301        9.1475371868418449     
   49.974999999999298        9.1479029357049839     
   50.024999999999295        9.1482641254636476     
   50.074999999999292        9.1486207577580672     
   50.124999999999289        9.1489728342073562     
   50.174999999999287        9.1493203564090635     
   50.224999999999284        9.1496633259397413     
   50.274999999999281        9.1500017443549950     
   50.324999999999278        9.1503356131888722     
   50.374999999999275        9.1506649339543245     
   50.424999999999272        9.1509897081434630     
   50.474999999999270        9.1513099372271896     
   50.524999999999267        9.1516256226551747     
   50.574999999999264        9.1519367658564619     
   50.624999999999261        9.1522433682386506     
   50.674999999999258        9.1525454311889689     
   50.724999999999255        9.1528429560730729     
   50.774999999999253        9.1531359442360340     
   50.824999999999250        9.1534243970018920     
   50.874999999999247        9.1537083156739953     
   50.924999999999244        9.1539877015345539     
   50.974999999999241        9.1542625558453281     
   51.024999999999238        9.1545328798470749     
   51.074999999999235        9.1547986747597605     
   51.124999999999233        9.1550599417824827     
   51.174999999999230        9.1553166820939254     
   51.224999999999227        9.1555688968515554     
   51.274999999999224        9.1558165871928736     
   51.324999999999221        9.1560597542337661     
   51.374999999999218        9.1562983990706641     
   51.424999999999216        9.1565325227780932     
   51.474999999999213        9.1567621264108539     
   51.524999999999210        9.1569872110028570     
   51.574999999999207        9.1572077775672511     
   51.624999999999204        9.1574238270969843     
   51.674999999999201        9.1576353605642282     
   51.724999999999199        9.1578423789208685     
   51.774999999999196        9.1580448830978725     
   51.824999999999193        9.1582428740059854     
   51.874999999999190        9.1584363525355670     
   51.924999999999187        9.1586253195563643     
   51.974999999999184        9.1588097759175469     
   52.024999999999181        9.1589897224483536     
   52.074999999999179        9.1591651599570909     
   52.124999999999176        9.1593360892319282     
   52.174999999999173        9.1595025110406283     
   52.224999999999170        9.1596644261303055     
   52.274999999999167        9.1598218352282004     
   52.324999999999164        9.1599747390409263     
   52.374999999999162        9.1601231382548178     
   52.424999999999159        9.1602670335358241     
   52.474999999999156        9.1604064255296649     
   52.524999999999153        9.1605413148616250     
   52.574999999999150        9.1606717021372290     
   52.624999999999147        9.1607975879407846     
   52.674999999999145        9.1609189728372229     
   52.724999999999142        9.1610358573707416     
   52.774999999999139        9.1611482420656003     
   52.824999999999136        9.1612561274255029     
   52.874999999999133        9.1613595139339807     
   52.924999999999130        9.1614584020548122     
   52.974999999999127        9.1615527922307933     
   53.024999999999125        9.1616426848852015     
   53.074999999999122        9.1617280804206587     
   53.124999999999119        9.1618089792199910     
   53.174999999999116        9.1618853816455612     
   53.224999999999113        9.1619572880396589     
   53.274999999999110        9.1620246987245011     
   53.324999999999108        9.1620876140018055     
   53.374999999999105        9.1621460341535368     
   53.424999999999102        9.1621999594412955     
   53.474999999999099        9.1622493901066804     
   53.524999999999096        9.1622943263708621     
   53.574999999999093        9.1623347684351586     
   53.624999999999091        9.1623707164809360     
   53.674999999999088        9.1624021706687060     
   53.724999999999085        9.1624291311396604     
   53.774999999999082        9.1624515980142931     
   53.824999999999079        9.1624695713932880     
   53.874999999999076        9.1624830513572277     
   53.924999999999073        9.1624920379661603     
   53.974999999999071        9.1624965312607713     
