     8.5000000     0.27993632874578E+01
     9.5000000     0.18795037320391E+01
    10.5000000     0.13006743495592E+01
    11.5000000     0.91566788500814E+00
    12.5000000     0.64715006678932E+00
    13.5000000     0.45287557259580E+00
    14.5000000     0.30884080439836E+00
    15.5000000     0.20111335894745E+00
    16.5000000     0.12161633825874E+00
    17.5000000     0.65641684544414E-01
    18.5000000     0.29909923637306E-01
    19.5000000     0.10701723476861E-01
    20.5000000     0.27766589528575E-02
    21.5000000     0.48818578040866E-03
    22.5000000     0.55526633544467E-04
    23.5000000     0.39202602124533E-05
    24.5000000     0.16091198506984E-06
    25.5000000     0.34131542037130E-08
