     0.02500     0.32962537059944E+01     0.14160753823368E+00     0.80569832473991E+00
     0.07500     0.26564805586384E+01     0.10784304442930E+00     0.62799019217361E+00
     0.12500     0.21379243499950E+01     0.81818991385371E-01     0.48945502074447E+00
     0.17500     0.17186424284023E+01     0.61972447948101E-01     0.38164483683244E+00
     0.22500     0.13828176039744E+01     0.47028847749978E-01     0.29833755191986E+00
     0.27500     0.11174522785708E+01     0.35920766651514E-01     0.23463948426594E+00
     0.32500     0.91104176054873E+00     0.27762721213588E-01     0.18654517681231E+00
     0.37500     0.75329574060608E+00     0.21839572679225E-01     0.15075087816808E+00
     0.42500     0.63526412863695E+00     0.17592290504514E-01     0.12457727674652E+00
     0.47500     0.54951921261728E+00     0.14598596781728E-01     0.10592192796730E+00
     0.52500     0.49026407671396E+00     0.12551193701206E-01     0.93211447519780E-01
     0.57500     0.45336361692526E+00     0.11237057945429E-01     0.85352207327041E-01
     0.62500     0.43635210272071E+00     0.10520476512916E-01     0.81690695618729E-01
     0.67500     0.43849120254775E+00     0.10331550229084E-01     0.81998679625699E-01
     0.72500     0.46096085076072E+00     0.10661404200024E-01     0.86500483655346E-01
     0.77500     0.50728088039006E+00     0.11565524559131E-01     0.95964738535665E-01
     0.82500     0.58409834945529E+00     0.13177622496389E-01     0.11189464702562E+00
     0.87500     0.70255045473274E+00     0.15738527408146E-01     0.13687405058480E+00
     0.92500     0.88055442358888E+00     0.19648654394748E-01     0.17517060379736E+00
     0.97500     0.11466425651044E+01     0.25560527391708E-01     0.23378177593952E+00
     1.02500     0.10722651057941E+01     0.32457875113373E-01     0.00000000000000E+00
     1.07500     0.10575385208184E+01     0.36721431041839E-01     0.00000000000000E+00
     1.12500     0.10118306843367E+01     0.39253650789199E-01     0.00000000000000E+00
     1.17500     0.95250053255106E+00     0.40304079990945E-01     0.00000000000000E+00
     1.22500     0.89046353506378E+00     0.40231402710617E-01     0.00000000000000E+00
     1.27500     0.83188465135118E+00     0.39411515685611E-01     0.00000000000000E+00
     1.32500     0.77997520675616E+00     0.38185375268173E-01     0.00000000000000E+00
     1.37500     0.73631914796254E+00     0.36835015401372E-01     0.00000000000000E+00
     1.42500     0.70168753089310E+00     0.35578583273432E-01     0.00000000000000E+00
     1.47500     0.67648326546705E+00     0.34577069630357E-01     0.00000000000000E+00
     1.52500     0.66096541187530E+00     0.33946767083260E-01     0.00000000000000E+00
     1.57500     0.65535089234800E+00     0.33772926839640E-01     0.00000000000000E+00
     1.62500     0.65983733546537E+00     0.34121481767195E-01     0.00000000000000E+00
     1.67500     0.67454930729757E+00     0.35046648519426E-01     0.00000000000000E+00
     1.72500     0.69937830310984E+00     0.36592394615024E-01     0.00000000000000E+00
     1.77500     0.73365750636491E+00     0.38785013552449E-01     0.00000000000000E+00
     1.82500     0.77558294721797E+00     0.41612402764391E-01     0.00000000000000E+00
     1.87500     0.82127405972181E+00     0.44983405495290E-01     0.00000000000000E+00
     1.92500     0.86339963879665E+00     0.48659031713777E-01     0.00000000000000E+00
     1.97500     0.88948373336139E+00     0.52150353448305E-01     0.00000000000000E+00
     2.02500     0.89672624455458E+00     0.54845269420265E-01     0.00000000000000E+00
     2.07500     0.89264229772669E+00     0.56735308052242E-01     0.00000000000000E+00
     2.12500     0.87739076362426E+00     0.57912781618093E-01     0.00000000000000E+00
     2.17500     0.85531973260435E+00     0.58493065921086E-01     0.00000000000000E+00
     2.22500     0.83018582495571E+00     0.58639973848742E-01     0.00000000000000E+00
     2.27500     0.80489231062872E+00     0.58529926212089E-01     0.00000000000000E+00
     2.32500     0.78153234862656E+00     0.58329987263784E-01     0.00000000000000E+00
     2.37500     0.76153941407498E+00     0.58186972663235E-01     0.00000000000000E+00
     2.42500     0.74584341461300E+00     0.58223722225112E-01     0.00000000000000E+00
     2.47500     0.73499392909061E+00     0.58539142632794E-01     0.00000000000000E+00
     2.52500     0.72924142878296E+00     0.59209533886473E-01     0.00000000000000E+00
     2.57500     0.72857792760073E+00     0.60289497020391E-01     0.00000000000000E+00
     2.62500     0.73274175133393E+00     0.61811289171026E-01     0.00000000000000E+00
     2.67500     0.74119342877576E+00     0.63781950486859E-01     0.00000000000000E+00
     2.72500     0.75307463737514E+00     0.66178066221654E-01     0.00000000000000E+00
     2.77500     0.76717203593645E+00     0.68938891353365E-01     0.00000000000000E+00
     2.82500     0.78192395949057E+00     0.71960026642305E-01     0.00000000000000E+00
     2.87500     0.79552886800530E+00     0.75092089525450E-01     0.00000000000000E+00
     2.92500     0.80623244581623E+00     0.78151714958206E-01     0.00000000000000E+00
     2.97500     0.81286751966418E+00     0.80954762404829E-01     0.00000000000000E+00
     3.02500     0.81517362824278E+00     0.83367818874904E-01     0.00000000000000E+00
     3.07500     0.81343414189724E+00     0.85326775894224E-01     0.00000000000000E+00
     3.12500     0.80826688667223E+00     0.86822275333339E-01     0.00000000000000E+00
     3.17500     0.80062698709486E+00     0.87896865436273E-01     0.00000000000000E+00
     3.22500     0.79155521435499E+00     0.88632331342596E-01     0.00000000000000E+00
     3.27500     0.78205851293136E+00     0.89132438648196E-01     0.00000000000000E+00
     3.32500     0.77303347926260E+00     0.89507579545399E-01     0.00000000000000E+00
     3.37500     0.76522170116209E+00     0.89862609609218E-01     0.00000000000000E+00
     3.42500     0.75918664235564E+00     0.90288012944634E-01     0.00000000000000E+00
     3.47500     0.75530382237473E+00     0.90853900824120E-01     0.00000000000000E+00
     3.52500     0.75375832012455E+00     0.91606120870936E-01     0.00000000000000E+00
     3.57500     0.75454605301003E+00     0.92563821347380E-01     0.00000000000000E+00
     3.62500     0.75747790822158E+00     0.93718089701052E-01     0.00000000000000E+00
     3.67500     0.76218853101309E+00     0.95031687633592E-01     0.00000000000000E+00
     3.72500     0.76815405520025E+00     0.96440349134086E-01     0.00000000000000E+00
     3.77500     0.77472458411688E+00     0.97856471224607E-01     0.00000000000000E+00
     3.82500     0.78117666597990E+00     0.99176130095848E-01     0.00000000000000E+00
     3.87500     0.78678696585438E+00     0.10028996547799E+00     0.00000000000000E+00
     3.92500     0.79091976784937E+00     0.10109737711215E+00     0.00000000000000E+00
     3.97500     0.79310824152352E+00     0.10152162630198E+00     0.00000000000000E+00
     4.02500     0.79310824152352E+00     0.10152162630198E+00     0.00000000000000E+00
     4.07500     0.79091976784937E+00     0.10109737711215E+00     0.00000000000000E+00
     4.12500     0.78678696585438E+00     0.10028996547799E+00     0.00000000000000E+00
     4.17500     0.78117666597990E+00     0.99176130095848E-01     0.00000000000000E+00
     4.22500     0.77472458411688E+00     0.97856471224607E-01     0.00000000000000E+00
     4.27500     0.76815405520025E+00     0.96440349134086E-01     0.00000000000000E+00
     4.32500     0.76218853101309E+00     0.95031687633592E-01     0.00000000000000E+00
     4.37500     0.75747790822158E+00     0.93718089701052E-01     0.00000000000000E+00
     4.42500     0.75454605301003E+00     0.92563821347380E-01     0.00000000000000E+00
     4.47500     0.75375832012455E+00     0.91606120870936E-01     0.00000000000000E+00
     4.52500     0.75530382237473E+00     0.90853900824120E-01     0.00000000000000E+00
     4.57500     0.75918664235564E+00     0.90288012944634E-01     0.00000000000000E+00
     4.62500     0.76522170116209E+00     0.89862609609218E-01     0.00000000000000E+00
     4.67500     0.77303347926260E+00     0.89507579545399E-01     0.00000000000000E+00
     4.72500     0.78205851293136E+00     0.89132438648196E-01     0.00000000000000E+00
     4.77500     0.79155521435499E+00     0.88632331342596E-01     0.00000000000000E+00
     4.82500     0.80062698709486E+00     0.87896865436273E-01     0.00000000000000E+00
     4.87500     0.80826688667223E+00     0.86822275333339E-01     0.00000000000000E+00
     4.92500     0.81343414189724E+00     0.85326775894224E-01     0.00000000000000E+00
     4.97500     0.81517362824278E+00     0.83367818874904E-01     0.00000000000000E+00
     5.02500     0.81286751966418E+00     0.80954762404829E-01     0.00000000000000E+00
     5.07500     0.80623244581623E+00     0.78151714958206E-01     0.00000000000000E+00
     5.12500     0.79552886800530E+00     0.75092089525450E-01     0.00000000000000E+00
     5.17500     0.78192395949057E+00     0.71960026642305E-01     0.00000000000000E+00
     5.22500     0.76717203593645E+00     0.68938891353365E-01     0.00000000000000E+00
     5.27500     0.75307463737514E+00     0.66178066221654E-01     0.00000000000000E+00
     5.32500     0.74119342877576E+00     0.63781950486859E-01     0.00000000000000E+00
     5.37500     0.73274175133393E+00     0.61811289171026E-01     0.00000000000000E+00
     5.42500     0.72857792760073E+00     0.60289497020391E-01     0.00000000000000E+00
     5.47500     0.72924142878296E+00     0.59209533886473E-01     0.00000000000000E+00
     5.52500     0.73499392909061E+00     0.58539142632794E-01     0.00000000000000E+00
     5.57500     0.74584341461300E+00     0.58223722225112E-01     0.00000000000000E+00
     5.62500     0.76153941407498E+00     0.58186972663235E-01     0.00000000000000E+00
     5.67500     0.78153234862656E+00     0.58329987263784E-01     0.00000000000000E+00
     5.72500     0.80489231062872E+00     0.58529926212089E-01     0.00000000000000E+00
     5.77500     0.83018582495571E+00     0.58639973848742E-01     0.00000000000000E+00
     5.82500     0.85531973260435E+00     0.58493065921086E-01     0.00000000000000E+00
     5.87500     0.87739076362426E+00     0.57912781618093E-01     0.00000000000000E+00
     5.92500     0.89264229772669E+00     0.56735308052242E-01     0.00000000000000E+00
     5.97500     0.89672624455458E+00     0.54845269420265E-01     0.00000000000000E+00
     6.02500     0.88948373336139E+00     0.52150353448305E-01     0.00000000000000E+00
     6.07500     0.86339963879665E+00     0.48659031713777E-01     0.00000000000000E+00
     6.12500     0.82127405972181E+00     0.44983405495290E-01     0.00000000000000E+00
     6.17500     0.77558294721797E+00     0.41612402764391E-01     0.00000000000000E+00
     6.22500     0.73365750636491E+00     0.38785013552449E-01     0.00000000000000E+00
     6.27500     0.69937830310984E+00     0.36592394615024E-01     0.00000000000000E+00
     6.32500     0.67454930729757E+00     0.35046648519426E-01     0.00000000000000E+00
     6.37500     0.65983733546537E+00     0.34121481767195E-01     0.00000000000000E+00
     6.42500     0.65535089234800E+00     0.33772926839640E-01     0.00000000000000E+00
     6.47500     0.66096541187530E+00     0.33946767083260E-01     0.00000000000000E+00
     6.52500     0.67648326546705E+00     0.34577069630357E-01     0.00000000000000E+00
     6.57500     0.70168753089310E+00     0.35578583273432E-01     0.00000000000000E+00
     6.62500     0.73631914796254E+00     0.36835015401372E-01     0.00000000000000E+00
     6.67500     0.77997520675616E+00     0.38185375268173E-01     0.00000000000000E+00
     6.72500     0.83188465135118E+00     0.39411515685611E-01     0.00000000000000E+00
     6.77500     0.89046353506378E+00     0.40231402710617E-01     0.00000000000000E+00
     6.82500     0.95250053255106E+00     0.40304079990945E-01     0.00000000000000E+00
     6.87500     0.10118306843367E+01     0.39253650789199E-01     0.00000000000000E+00
     6.92500     0.10575385208184E+01     0.36721431041839E-01     0.00000000000000E+00
     6.97500     0.10722651057941E+01     0.32457875113373E-01     0.00000000000000E+00
     7.02500     0.11466425651044E+01     0.25560527391708E-01     0.23378177577893E+00
     7.07500     0.88055442358888E+00     0.19648654394748E-01     0.17517060368716E+00
     7.12500     0.70255045473274E+00     0.15738527408146E-01     0.13687405051540E+00
     7.17500     0.58409834945529E+00     0.13177622496389E-01     0.11189464698835E+00
     7.22500     0.50728088039006E+00     0.11565524559131E-01     0.95964738523683E-01
     7.27500     0.46096085076072E+00     0.10661404200024E-01     0.86500483663691E-01
     7.32500     0.43849120254775E+00     0.10331550229084E-01     0.81998679651065E-01
     7.37500     0.43635210272071E+00     0.10520476512916E-01     0.81690695659068E-01
     7.42500     0.45336361692526E+00     0.11237057945429E-01     0.85352207381108E-01
     7.47500     0.49026407671396E+00     0.12551193701206E-01     0.93211447586624E-01
     7.52500     0.54951921261728E+00     0.14598596781728E-01     0.10592192804564E+00
     7.57500     0.63526412863695E+00     0.17592290504514E-01     0.12457727683401E+00
     7.62500     0.75329574060608E+00     0.21839572679225E-01     0.15075087826041E+00
     7.67500     0.91104176054873E+00     0.27762721213588E-01     0.18654517690240E+00
     7.72500     0.11174522785708E+01     0.35920766651514E-01     0.23463948434340E+00
     7.77500     0.13828176039744E+01     0.47028847749978E-01     0.29833755197137E+00
     7.82500     0.17186424284023E+01     0.61972447948101E-01     0.38164483684345E+00
     7.87500     0.21379243499950E+01     0.81818991385371E-01     0.48945502070260E+00
     7.92500     0.26564805586384E+01     0.10784304442930E+00     0.62799019207344E+00
     7.97500     0.32962537059944E+01     0.14160753823368E+00     0.80569832458818E+00
