     8.00000   0.873638318266E+01   0.135001371111E+02
     9.00000   0.593701989521E+01   0.107007738237E+02
    10.00000   0.405751616317E+01   0.882127009163E+01
    11.00000   0.275684181361E+01   0.752059574207E+01
    12.00000   0.184117392860E+01   0.660492785706E+01
    13.00000   0.119402386181E+01   0.595777779027E+01
    14.00000   0.741148289215E+00   0.550490221767E+01
    15.00000   0.432307484817E+00   0.519606141327E+01
    16.00000   0.231194125869E+00   0.499494805433E+01
    17.00000   0.109577787611E+00   0.487333171607E+01
    18.00000   0.439361030663E-01   0.480769003152E+01
    19.00000   0.140261794290E-01   0.477778010789E+01
    20.00000   0.332445595216E-02   0.476707838441E+01
    21.00000   0.547796999305E-03   0.476430172546E+01
    22.00000   0.596112188962E-04   0.476381353968E+01
    23.00000   0.408458535173E-05   0.476375801304E+01
    24.00000   0.164325139274E-06   0.476375409278E+01
    25.00000   0.341315420371E-08   0.476375393187E+01
    26.00000   0.000000000000E+00   0.476375392846E+01
