     8.0000000     0.33905107735008E+01     0.33908912875804E+01
     9.0000000     0.22483554040449E+01     0.22487359181245E+01
    10.0000000     0.15418776130162E+01     0.15422581270957E+01
    11.0000000     0.10808992738937E+01     0.10812797879733E+01
    12.0000000     0.76488326876785E+00     0.76526378284742E+00
    13.0000000     0.53932251549470E+00     0.53970302957426E+00
    14.0000000     0.37346895679711E+00     0.37384947087668E+00
    15.0000000     0.24948898905260E+00     0.24986950313217E+00
    16.0000000     0.15697088374679E+00     0.15735139782636E+00
    17.0000000     0.89899287727983E-01     0.90279801807552E-01
    18.0000000     0.44612389521860E-01     0.44992903601429E-01
    19.0000000     0.17911274115849E-01     0.18291788195417E-01
    20.0000000     0.53481362012458E-02     0.57286502808147E-02
    21.0000000     0.10949781471722E-02     0.14754922267411E-02
    22.0000000     0.14511232407932E-03     0.52562640364823E-03
    23.0000000     0.11940513743702E-04     0.39245459331261E-03
    24.0000000     0.57642121892298E-06     0.38109050078783E-03
    25.0000000     0.15740097558670E-07     0.38052981966646E-03
    26.0000000     0.00000000000000E+00     0.38051407956891E-03
